map :

*
88 88 88 88 88 88 88 88 88 88 88 88 88 88
88 88 88 88 88 88 88 88 88 88 88 88 88 88
88 88 88 88 88 88 88 88 88 88 88 88 88 88 
88 88 88 88 88 88 88 88 88 88 88 88 88 88
88 88 88 88 88 88 88 88 88 88 88 88 88 88
88 88 88 88 88 88 88 88 88 88 88 88 88 88
88 88 88 88 88 88 88 88 88 88 88 88 88 88
88 88 88 88 88 88 88 88 88 88 88 88 88 88
88 88 88 88 88 88 88 88 88 88 88 88 88 88
88 88 88 88 88 88 88 88 88 88 88 88 88 88
88 88 88 88 88 88 88 88 88 88 88 88 88 88
88 88 88 88 88 88 88 88 88 88 88 88 88 88
88 88 88 88 88 88 88 88 88 88 88 88 88 88


taille de molecule en y et x :

*
3 4


molécule victoire :

*
88 11 88
09 19 05
88 07 88
*